-4.79874e+00 -3.87758e+00 2.42234e+01
-4.71825e+00 -4.02848e+00 2.37715e+01
-4.66058e+00 -4.19584e+00 2.33361e+01
-4.62509e+00 -4.37918e+00 2.29183e+01
-4.61120e+00 -4.57827e+00 2.25192e+01
-4.61833e+00 -4.79309e+00 2.21399e+01
-4.64599e+00 -5.02375e+00 2.17816e+01
-4.69375e+00 -5.27053e+00 2.14455e+01
-4.76124e+00 -5.53378e+00 2.11331e+01
-4.84817e+00 -5.81390e+00 2.08459e+01
-4.95432e+00 -6.11133e+00 2.05856e+01
-5.07953e+00 -6.42646e+00 2.03542e+01
-5.22368e+00 -6.75963e+00 2.01537e+01
-5.38670e+00 -7.11105e+00 1.99863e+01
-5.56853e+00 -7.48073e+00 1.98547e+01
-5.76911e+00 -7.86846e+00 1.97615e+01
-5.98836e+00 -8.27369e+00 1.97097e+01
-6.22612e+00 -8.69551e+00 1.97023e+01
-6.48214e+00 -9.13247e+00 1.97428e+01
-6.75603e+00 -9.58257e+00 1.98345e+01
-7.04722e+00 -1.00431e+01 1.99809e+01
-7.35489e+00 -1.05107e+01 2.01855e+01
-7.67794e+00 -1.09808e+01 2.04515e+01
-8.01491e+00 -1.14482e+01 2.07818e+01
-8.36391e+00 -1.19066e+01 2.11789e+01
-8.72258e+00 -1.23485e+01 2.16444e+01
-9.08803e+00 -1.27654e+01 2.21788e+01
-9.45679e+00 -1.31480e+01 2.27812e+01
-9.82480e+00 -1.34860e+01 2.34494e+01
-1.01874e+01 -1.37688e+01 2.41787e+01
-1.05392e+01 -1.39856e+01 2.49626e+01
-1.08746e+01 -1.41260e+01 2.57919e+01
-1.11874e+01 -1.41804e+01 2.66550e+01
-1.14711e+01 -1.41410e+01 2.75381e+01
-1.17192e+01 -1.40021e+01 2.84249e+01
-1.19256e+01 -1.37610e+01 2.92979e+01
-1.20845e+01 -1.34181e+01 3.01382e+01
-1.21909e+01 -1.29778e+01 3.09273e+01
-1.22408e+01 -1.24481e+01 3.16473e+01
-1.22317e+01 -1.18403e+01 3.22820e+01
-1.21624e+01 -1.11690e+01 3.28182e+01
-1.20334e+01 -1.04508e+01 3.32459e+01
-1.18468e+01 -9.70356e+00 3.35589e+01
-1.16062e+01 -8.94560e+00 3.37551e+01
-1.13166e+01 -8.19436e+00 3.38363e+01
-1.09840e+01 -7.46575e+00 3.38074e+01
-1.06153e+01 -6.77342e+00 3.36763e+01
-1.02181e+01 -6.12836e+00 3.34529e+01
-9.79994e+00 -5.53872e+00 3.31484e+01
-9.36835e+00 -5.00983e+00 3.27745e+01
-8.93056e+00 -4.54445e+00 3.23429e+01
-8.49325e+00 -4.14308e+00 3.18648e+01
-8.06240e+00 -3.80438e+00 3.13505e+01
-7.64325e+00 -3.52563e+00 3.08091e+01
-7.24021e+00 -3.30308e+00 3.02488e+01
-6.85690e+00 -3.13242e+00 2.96763e+01
-6.49614e+00 -3.00899e+00 2.90973e+01
-6.16006e+00 -2.92812e+00 2.85168e+01
-5.85015e+00 -2.88529e+00 2.79384e+01
-5.56731e+00 -2.87628e+00 2.73652e+01
-5.31202e+00 -2.89724e+00 2.67999e+01
-5.08432e+00 -2.94478e+00 2.62443e+01
-4.88399e+00 -3.01598e+00 2.57001e+01
-4.71053e+00 -3.10837e+00 2.51686e+01
-4.56332e+00 -3.21996e+00 2.46510e+01
-4.44160e+00 -3.34917e+00 2.41481e+01
-4.34456e+00 -3.49482e+00 2.36609e+01
-4.27138e+00 -3.65609e+00 2.31901e+01
-4.22124e+00 -3.83248e+00 2.27367e+01
-4.19338e+00 -4.02377e+00 2.23013e+01
-4.18709e+00 -4.22998e+00 2.18850e+01
-4.20176e+00 -4.45136e+00 2.14887e+01
-4.23685e+00 -4.68829e+00 2.11134e+01
-4.29192e+00 -4.94134e+00 2.07603e+01
-4.36664e+00 -5.21114e+00 2.04308e+01
-4.46076e+00 -5.49840e+00 2.01263e+01
-4.57413e+00 -5.80387e+00 1.98485e+01
-4.70670e+00 -6.12828e+00 1.95993e+01
-4.85846e+00 -6.47230e+00 1.93809e+01
-5.02949e+00 -6.83651e+00 1.91954e+01
-5.21991e+00 -7.22132e+00 1.90457e+01
-5.42982e+00 -7.62691e+00 1.89346e+01
-5.65936e+00 -8.05316e+00 1.88652e+01
-5.90860e+00 -8.49954e+00 1.88412e+01
-6.17753e+00 -8.96506e+00 1.88661e+01
-6.46603e+00 -9.44809e+00 1.89440e+01
-6.77381e+00 -9.94632e+00 1.90790e+01
-7.10031e+00 -1.04565e+01 1.92753e+01
-7.44472e+00 -1.09746e+01 1.95372e+01
-7.80581e+00 -1.14951e+01 1.98687e+01
-8.18195e+00 -1.20117e+01 2.02732e+01
-8.57094e+00 -1.25165e+01 2.07538e+01
-8.97002e+00 -1.30002e+01 2.13124e+01
-9.37572e+00 -1.34525e+01 2.19493e+01
-9.78386e+00 -1.38617e+01 2.26635e+01
-1.01895e+01 -1.42152e+01 2.34515e+01
-1.05870e+01 -1.45000e+01 2.43072e+01
-1.09699e+01 -1.47028e+01 2.52218e+01
-1.13312e+01 -1.48115e+01 2.61833e+01
-1.16634e+01 -1.48150e+01 2.71765e+01
-1.19589e+01 -1.47049e+01 2.81833e+01
-1.22101e+01 -1.44759e+01 2.91833e+01
-1.24098e+01 -1.41268e+01 3.01543e+01
-1.25515e+01 -1.36606e+01 3.10737e+01
-1.26301e+01 -1.30854e+01 3.19191e+01
-1.26416e+01 -1.24138e+01 3.26704e+01
-1.25841e+01 -1.16624e+01 3.33102e+01
-1.24576e+01 -1.08511e+01 3.38255e+01
-1.22638e+01 -1.00014e+01 3.42078e+01
-1.20067e+01 -9.13582e+00 3.44539e+01
-1.16918e+01 -8.27586e+00 3.45654e+01
-1.13260e+01 -7.44123e+00 3.45483e+01
-1.09176e+01 -6.64880e+00 3.44121e+01
-1.04753e+01 -5.91204e+00 3.41691e+01
-1.00080e+01 -5.24075e+00 3.38331e+01
-9.52475e+00 -4.64116e+00 3.34185e+01
-9.03402e+00 -4.11620e+00 3.29396e+01
-8.54366e+00 -3.66597e+00 3.24098e+01
-8.06066e+00 -3.28833e+00 3.18413e+01
-7.59104e+00 -2.97943e+00 3.12450e+01
-7.13985e+00 -2.73428e+00 3.06301e+01
-6.71112e+00 -2.54722e+00 3.00042e+01
-6.30795e+00 -2.41234e+00 2.93736e+01
-5.93261e+00 -2.32376e+00 2.87434e+01
-5.58656e+00 -2.27586e+00 2.81175e+01
-5.27065e+00 -2.26347e+00 2.74990e+01
-4.98514e+00 -2.28195e+00 2.68902e+01
-4.72989e+00 -2.32723e+00 2.62929e+01
-4.50439e+00 -2.39583e+00 2.57084e+01
-4.30789e+00 -2.48488e+00 2.51379e+01
-4.13946e+00 -2.59204e+00 2.45821e+01
-3.99805e+00 -2.71548e+00 2.40416e+01
-3.88258e+00 -2.85387e+00 2.35172e+01
-3.79195e+00 -3.00626e+00 2.30092e+01
-3.72510e+00 -3.17211e+00 2.25182e+01
-3.68103e+00 -3.35120e+00 2.20447e+01
-3.65884e+00 -3.54359e+00 2.15894e+01
-3.65773e+00 -3.74958e+00 2.11528e+01
-3.67701e+00 -3.96970e+00 2.07358e+01
-3.71610e+00 -4.20465e+00 2.03392e+01
-3.77459e+00 -4.45528e+00 1.99639e+01
-3.85216e+00 -4.72255e+00 1.96112e+01
-3.94863e+00 -5.00749e+00 1.92823e+01
-4.06393e+00 -5.31123e+00 1.89788e+01
-4.19812e+00 -5.63488e+00 1.87024e+01
-4.35135e+00 -5.97954e+00 1.84551e+01
-4.52385e+00 -6.34628e+00 1.82393e+01
-4.71595e+00 -6.73603e+00 1.80575e+01
-4.92800e+00 -7.14955e+00 1.79126e+01
-5.16039e+00 -7.58737e+00 1.78080e+01
-5.41352e+00 -8.04970e+00 1.77472e+01
-5.68773e+00 -8.53629e+00 1.77344e+01
-5.98330e+00 -9.04637e+00 1.77740e+01
-6.30036e+00 -9.57845e+00 1.78707e+01
-6.63886e+00 -1.01302e+01 1.80295e+01
-6.99848e+00 -1.06984e+01 1.82559e+01
-7.37856e+00 -1.12784e+01 1.85551e+01
-7.77801e+00 -1.18644e+01 1.89324e+01
-8.19520e+00 -1.24489e+01 1.93926e+01
-8.62789e+00 -1.30229e+01 1.99398e+01
-9.07308e+00 -1.35754e+01 2.05771e+01
-9.52694e+00 -1.40939e+01 2.13059e+01
-9.98473e+00 -1.45640e+01 2.21256e+01
-1.04407e+01 -1.49703e+01 2.30326e+01
-1.08883e+01 -1.52964e+01 2.40203e+01
-1.13197e+01 -1.55256e+01 2.50784e+01
-1.17265e+01 -1.56423e+01 2.61922e+01
-1.20997e+01 -1.56325e+01 2.73432e+01
-1.24299e+01 -1.54856e+01 2.85088e+01
-1.27078e+01 -1.51950e+01 2.96634e+01
-1.29246e+01 -1.47595e+01 3.07792e+01
-1.30724e+01 -1.41841e+01 3.18276e+01
-1.31451e+01 -1.34799e+01 3.27813e+01
-1.31383e+01 -1.26642e+01 3.36156e+01
-1.30500e+01 -1.17592e+01 3.43103e+01
-1.28807e+01 -1.07911e+01 3.48511e+01
-1.26335e+01 -9.78792e+00 3.52301e+01
-1.23138e+01 -8.77773e+00 3.54460e+01
-1.19291e+01 -7.78694e+00 3.55040e+01
-1.14887e+01 -6.83874e+00 3.54145e+01
-1.10027e+01 -5.95203e+00 3.51920e+01
-1.04822e+01 -5.14096e+00 3.48534e+01
-9.93809e+00 -4.41473e+00 3.44170e+01
-9.38095e+00 -3.77805e+00 3.39013e+01
-8.82062e+00 -3.23164e+00 3.33234e+01
-8.26590e+00 -2.77304e+00 3.26990e+01
-7.72438e+00 -2.39741e+00 3.20421e+01
-7.20240e+00 -2.09830e+00 3.13640e+01
-6.70504e+00 -1.86831e+00 3.06744e+01
-6.23615e+00 -1.69969e+00 2.99808e+01
-5.79850e+00 -1.58474e+00 2.92891e+01
-5.39385e+00 -1.51614e+00 2.86038e+01
-5.02314e+00 -1.48715e+00 2.79281e+01
-4.68663e+00 -1.49174e+00 2.72643e+01
-4.38398e+00 -1.52465e+00 2.66142e+01
-4.11445e+00 -1.58138e+00 2.59789e+01
-3.87697e+00 -1.65821e+00 2.53590e+01
-3.67024e+00 -1.75210e+00 2.47551e+01
-3.49285e+00 -1.86066e+00 2.41674e+01
-3.34330e+00 -1.98211e+00 2.35962e+01
-3.22012e+00 -2.11514e+00 2.30416e+01
-3.12184e+00 -2.25893e+00 2.25036e+01
-3.04709e+00 -2.41305e+00 2.19825e+01
-2.99463e+00 -2.57741e+00 2.14783e+01
-2.96329e+00 -2.75222e+00 2.09914e+01
-2.95210e+00 -2.93793e+00 2.05220e+01
-2.96020e+00 -3.13524e+00 2.00705e+01
-2.98691e+00 -3.34501e+00 1.96374e+01
-3.03167e+00 -3.56828e+00 1.92232e+01
-3.09413e+00 -3.80622e+00 1.88288e+01
-3.17404e+00 -4.06014e+00 1.84549e+01
-3.27135e+00 -4.33143e+00 1.81026e+01
-3.38611e+00 -4.62157e+00 1.77732e+01
-3.51853e+00 -4.93210e+00 1.74682e+01
-3.66895e+00 -5.26458e+00 1.71893e+01
-3.83783e+00 -5.62061e+00 1.69385e+01
-4.02571e+00 -6.00172e+00 1.67182e+01
-4.23326e+00 -6.40940e+00 1.65311e+01
-4.46119e+00 -6.84497e+00 1.63803e+01
-4.71028e+00 -7.30959e+00 1.62695e+01
-4.98132e+00 -7.80408e+00 1.62026e+01
-5.27508e+00 -8.32890e+00 1.61844e+01
-5.59230e+00 -8.88393e+00 1.62200e+01
-5.93359e+00 -9.46836e+00 1.63150e+01
-6.29937e+00 -1.00805e+01 1.64756e+01
-6.68982e+00 -1.07175e+01 1.67086e+01
-7.10478e+00 -1.13753e+01 1.70208e+01
-7.54362e+00 -1.20479e+01 1.74196e+01
-8.00512e+00 -1.27277e+01 1.79118e+01
-8.48735e+00 -1.34048e+01 1.85041e+01
-8.98752e+00 -1.40670e+01 1.92020e+01
-9.50179e+00 -1.46996e+01 2.00095e+01
-1.00252e+01 -1.52854e+01 2.09283e+01
-1.05515e+01 -1.58050e+01 2.19570e+01
-1.10731e+01 -1.62373e+01 2.30901e+01
-1.15812e+01 -1.65602e+01 2.43172e+01
-1.20654e+01 -1.67520e+01 2.56227e+01
-1.25146e+01 -1.67926e+01 2.69849e+01
-1.29169e+01 -1.66655e+01 2.83765e+01
-1.32603e+01 -1.63594e+01 2.97653e+01
-1.35330e+01 -1.58700e+01 3.11152e+01
-1.37244e+01 -1.52016e+01 3.23886e+01
-1.38259e+01 -1.43672e+01 3.35486e+01
-1.38311e+01 -1.33886e+01 3.45619e+01
-1.37369e+01 -1.22952e+01 3.54010e+01
-1.35434e+01 -1.11217e+01 3.60468e+01
-1.32543e+01 -9.90586e+00 3.64893e+01
-1.28765e+01 -8.68544e+00 3.67281e+01
-1.24198e+01 -7.49539e+00 3.67714e+01
-1.18959e+01 -6.36580e+00 3.66350e+01
-1.13183e+01 -5.32041e+00 3.63397e+01
-1.07010e+01 -4.37596e+00 3.59095e+01
-1.00579e+01 -3.54228e+00 3.53694e+01
-9.40214e+00 -2.82298e+00 3.47435e+01
-8.74584e+00 -2.21649e+00 3.40542e+01
-8.09952e+00 -1.71729e+00 3.33210e+01
-7.47206e+00 -1.31709e+00 3.25602e+01
-6.87062e+00 -1.00597e+00 3.17852e+01
-6.30069e+00 -7.73233e-01 3.10062e+01
-5.76620e+00 -6.08152e-01 3.02312e+01
-5.26972e+00 -5.00457e-01 2.94656e+01
-4.81263e+00 -4.40674e-01 2.87135e+01
-4.39532e+00 -4.20318e-01 2.79773e+01
-4.01738e+00 -4.31974e-01 2.72587e+01
-3.67781e+00 -4.69309e-01 2.65584e+01
-3.37513e+00 -5.27028e-01 2.58768e+01
-3.10756e+00 -6.00799e-01 2.52138e+01
-2.87310e+00 -6.87158e-01 2.45693e+01
-2.66966e+00 -7.83413e-01 2.39428e+01
-2.49514e+00 -8.87545e-01 2.33340e+01
-2.34746e+00 -9.98116e-01 2.27425e+01
-2.22463e+00 -1.11418e+00 2.21678e+01
-2.12477e+00 -1.23521e+00 2.16097e+01
-2.04617e+00 -1.36103e+00 2.10677e+01
-1.98725e+00 -1.49177e+00 2.05417e+01
-1.94664e+00 -1.62779e+00 2.00314e+01
-1.92311e+00 -1.76968e+00 1.95367e+01
-1.91564e+00 -1.91819e+00 1.90575e+01
-1.92336e+00 -2.07425e+00 1.85938e+01
-1.94562e+00 -2.23891e+00 1.81456e+01
-1.98188e+00 -2.41334e+00 1.77132e+01
-2.03182e+00 -2.59884e+00 1.72967e+01
-2.09525e+00 -2.79679e+00 1.68964e+01
-2.17215e+00 -3.00871e+00 1.65129e+01
-2.26263e+00 -3.23620e+00 1.61467e+01
-2.36697e+00 -3.48097e+00 1.57985e+01
-2.48559e+00 -3.74482e+00 1.54692e+01
-2.61903e+00 -4.02965e+00 1.51600e+01
-2.76797e+00 -4.33747e+00 1.48722e+01
-2.93322e+00 -4.67035e+00 1.46075e+01
-3.11572e+00 -5.03045e+00 1.43679e+01
-3.31653e+00 -5.41996e+00 1.41556e+01
-3.53681e+00 -5.84110e+00 1.39734e+01
-3.77783e+00 -6.29604e+00 1.38247e+01
-4.04092e+00 -6.78689e+00 1.37132e+01
-4.32750e+00 -7.31554e+00 1.36434e+01
-4.63901e+00 -7.88361e+00 1.36206e+01
-4.97689e+00 -8.49230e+00 1.36506e+01
-5.34254e+00 -9.14214e+00 1.37403e+01
-5.73721e+00 -9.83285e+00 1.38973e+01
-6.16198e+00 -1.05630e+01 1.41303e+01
-6.61760e+00 -1.13296e+01 1.44487e+01
-7.10440e+00 -1.21280e+01 1.48627e+01
-7.62211e+00 -1.29509e+01 1.53829e+01
-8.16966e+00 -1.37885e+01 1.60201e+01
-8.74500e+00 -1.46276e+01 1.67848e+01
-9.34485e+00 -1.54512e+01 1.76861e+01
-9.96441e+00 -1.62385e+01 1.87312e+01
-1.05972e+01 -1.69646e+01 1.99238e+01
-1.12347e+01 -1.76008e+01 2.12628e+01
-1.18665e+01 -1.81155e+01 2.27409e+01
-1.24800e+01 -1.84755e+01 2.43429e+01
-1.30605e+01 -1.86483e+01 2.60445e+01
-1.35920e+01 -1.86044e+01 2.78121e+01
-1.40572e+01 -1.83210e+01 2.96029e+01
-1.44391e+01 -1.77849e+01 3.13663e+01
-1.47212e+01 -1.69953e+01 3.30471e+01
-1.48897e+01 -1.59661e+01 3.45893e+01
-1.49336e+01 -1.47256e+01 3.59407e+01
-1.48468e+01 -1.33157e+01 3.70580e+01
-1.46279e+01 -1.17881e+01 3.79104e+01
-1.42811e+01 -1.02000e+01 3.84823e+01
-1.38155e+01 -8.60883e+00 3.87740e+01
-1.32449e+01 -7.06727e+00 3.88001e+01
-1.25861e+01 -5.61957e+00 3.85871e+01
-1.18582e+01 -4.29901e+00 3.81690e+01
-1.10809e+01 -3.12711e+00 3.75839e+01
-1.02737e+01 -2.11423e+00 3.68701e+01
-9.45471e+00 -1.26111e+00 3.60632e+01
-8.63995e+00 -5.61027e-01 3.51948e+01
-7.84303e+00 -1.98076e-03 3.42909e+01
-7.07497e+00 4.31216e-01 3.33723e+01
-6.34419e+00 7.55217e-01 3.24544e+01
-5.65672e+00 9.86831e-01 3.15486e+01
-5.01645e+00 1.14210e+00 3.06622e+01
-4.42542e+00 1.23572e+00 2.97998e+01
-3.88418e+00 1.28074e+00 2.89640e+01
-3.39204e+00 1.28846e+00 2.81557e+01
-2.94742e+00 1.26844e+00 2.73748e+01
-2.54802e+00 1.22863e+00 2.66206e+01
-2.19111e+00 1.17551e+00 2.58920e+01
-1.87365e+00 1.11428e+00 2.51877e+01
-1.59245e+00 1.04904e+00 2.45065e+01
-1.34428e+00 9.82954e-01 2.38469e+01
-1.12595e+00 9.18408e-01 2.32078e+01
-9.34402e-01 8.57164e-01 2.25881e+01
-7.66695e-01 8.00470e-01 2.19868e+01
-6.20086e-01 7.49173e-01 2.14029e+01
-4.92027e-01 7.03805e-01 2.08358e+01
-3.80172e-01 6.64662e-01 2.02845e+01
-2.82380e-01 6.31864e-01 1.97487e+01
-1.96708e-01 6.05407e-01 1.92275e+01
-1.21403e-01 5.85204e-01 1.87206e+01
-5.48898e-02 5.71121e-01 1.82275e+01
4.24353e-03 5.63000e-01 1.77477e+01
5.72586e-02 5.60680e-01 1.72809e+01
1.05283e-01 5.64017e-01 1.68266e+01
1.49323e-01 5.72893e-01 1.63846e+01
1.90281e-01 5.87228e-01 1.59544e+01
2.28968e-01 6.06986e-01 1.55358e+01
2.66117e-01 6.32180e-01 1.51285e+01
3.02394e-01 6.62881e-01 1.47322e+01
3.38411e-01 6.99218e-01 1.43467e+01
3.74739e-01 7.41380e-01 1.39717e+01
4.11914e-01 7.89626e-01 1.36070e+01
4.50449e-01 8.44281e-01 1.32524e+01
4.90845e-01 9.05746e-01 1.29078e+01
5.33594e-01 9.74497e-01 1.25729e+01
5.79192e-01 1.05109e+00 1.22476e+01
6.28145e-01 1.13618e+00 1.19318e+01
6.80977e-01 1.23050e+00 1.16255e+01
7.38237e-01 1.33488e+00 1.13285e+01
8.00506e-01 1.45028e+00 1.10410e+01
8.68407e-01 1.57777e+00 1.07629e+01
9.42610e-01 1.71852e+00 1.04944e+01
1.02384e+00 1.87388e+00 1.02357e+01
1.11289e+00 2.04532e+00 9.98701e+00
1.21063e+00 2.23448e+00 9.74873e+00
1.31799e+00 2.44318e+00 9.52137e+00
1.43603e+00 2.67341e+00 9.30557e+00
1.56587e+00 2.92739e+00 9.10216e+00
1.70877e+00 3.20754e+00 8.91219e+00
1.86610e+00 3.51649e+00 8.73695e+00
2.03937e+00 3.85714e+00 8.57806e+00
2.23023e+00 4.23260e+00 8.43751e+00
2.44047e+00 4.64622e+00 8.31775e+00
2.67206e+00 5.10158e+00 8.22177e+00
2.92711e+00 5.60245e+00 8.15323e+00
3.20792e+00 6.15273e+00 8.11653e+00
3.51692e+00 6.75641e+00 8.11705e+00
3.85670e+00 7.41743e+00 8.16121e+00
4.22998e+00 8.13949e+00 8.25672e+00
4.63954e+00 8.92590e+00 8.41277e+00
5.08818e+00 9.77917e+00 8.64019e+00
5.57862e+00 1.07006e+01 8.95168e+00
6.11337e+00 1.16899e+01 9.36190e+00
6.69456e+00 1.27443e+01 9.88759e+00
7.32368e+00 1.38575e+01 1.05474e+01
8.00131e+00 1.50191e+01 1.13618e+01
