-4.83625e+00 -5.06877e+00 2.21778e+01
-4.86980e+00 -5.30759e+00 2.18426e+01
-4.92366e+00 -5.56241e+00 2.15303e+01
-4.99743e+00 -5.83353e+00 2.12426e+01
-5.09078e+00 -6.12124e+00 2.09810e+01
-5.20344e+00 -6.42584e+00 2.07474e+01
-5.33519e+00 -6.74755e+00 2.05439e+01
-5.48586e+00 -7.08650e+00 2.03725e+01
-5.65527e+00 -7.44264e+00 2.02357e+01
-5.84328e+00 -7.81570e+00 2.01360e+01
-6.04969e+00 -8.20512e+00 2.00761e+01
-6.27427e+00 -8.60996e+00 2.00590e+01
-6.51670e+00 -9.02885e+00 2.00878e+01
-6.77653e+00 -9.45988e+00 2.01655e+01
-7.05313e+00 -9.90051e+00 2.02954e+01
-7.34568e+00 -1.03475e+01 2.04807e+01
-7.65307e+00 -1.07968e+01 2.07243e+01
-7.97388e+00 -1.12434e+01 2.10288e+01
-8.30631e+00 -1.16815e+01 2.13964e+01
-8.64811e+00 -1.21044e+01 2.18286e+01
-8.99657e+00 -1.25041e+01 2.23258e+01
-9.34845e+00 -1.28723e+01 2.28873e+01
-9.69997e+00 -1.31994e+01 2.35108e+01
-1.00468e+01 -1.34759e+01 2.41924e+01
-1.03841e+01 -1.36917e+01 2.49260e+01
-1.07065e+01 -1.38373e+01 2.57034e+01
-1.10083e+01 -1.39040e+01 2.65143e+01
-1.12836e+01 -1.38842e+01 2.73460e+01
-1.15264e+01 -1.37724e+01 2.81840e+01
-1.17309e+01 -1.35658e+01 2.90122e+01
-1.18917e+01 -1.32642e+01 2.98137e+01
-1.20040e+01 -1.28708e+01 3.05711e+01
-1.20640e+01 -1.23922e+01 3.12679e+01
-1.20689e+01 -1.18382e+01 3.18887e+01
-1.20176e+01 -1.12214e+01 3.24208e+01
-1.19100e+01 -1.05565e+01 3.28539e+01
-1.17477e+01 -9.85960e+00 3.31815e+01
-1.15336e+01 -9.14742e+00 3.34003e+01
-1.12720e+01 -8.43623e+00 3.35108e+01
-1.09684e+01 -7.74110e+00 3.35166e+01
-1.06288e+01 -7.07531e+00 3.34239e+01
-1.02600e+01 -6.44986e+00 3.32411e+01
-9.86910e+00 -5.87324e+00 3.29780e+01
-9.46315e+00 -5.35139e+00 3.26451e+01
-9.04897e+00 -4.88785e+00 3.22533e+01
-8.63298e+00 -4.48401e+00 3.18130e+01
-8.22102e+00 -4.13942e+00 3.13340e+01
-7.81826e+00 -3.85222e+00 3.08253e+01
-7.42917e+00 -3.61948e+00 3.02948e+01
-7.05744e+00 -3.43756e+00 2.97495e+01
-6.70607e+00 -3.30241e+00 2.91952e+01
-6.37737e+00 -3.20981e+00 2.86368e+01
-6.07303e+00 -3.15563e+00 2.80785e+01
-5.79419e+00 -3.13589e+00 2.75236e+01
-5.54152e+00 -3.14696e+00 2.69748e+01
-5.31531e+00 -3.18555e+00 2.64344e+01
-5.11551e+00 -3.24880e+00 2.59042e+01
-4.94184e+00 -3.33426e+00 2.53857e+01
-4.79381e+00 -3.43990e+00 2.48802e+01
-4.67084e+00 -3.56410e+00 2.43889e+01
-4.57223e+00 -3.70560e+00 2.39127e+01
-4.49727e+00 -3.86349e+00 2.34527e+01
-4.44524e+00 -4.03718e+00 2.30097e+01
-4.41543e+00 -4.22634e+00 2.25848e+01
-4.40721e+00 -4.43088e+00 2.21788e+01
-4.41998e+00 -4.65090e+00 2.17928e+01
-4.45324e+00 -4.88669e+00 2.14280e+01
-4.50654e+00 -5.13865e+00 2.10857e+01
-4.57956e+00 -5.40729e+00 2.07671e+01
-4.67202e+00 -5.69317e+00 2.04739e+01
-4.78374e+00 -5.99686e+00 2.02077e+01
-4.91462e+00 -6.31893e+00 1.99706e+01
-5.06460e+00 -6.65986e+00 1.97645e+01
-5.23367e+00 -7.02002e+00 1.95919e+01
-5.42187e+00 -7.39960e+00 1.94553e+01
-5.62923e+00 -7.79853e+00 1.93576e+01
-5.85573e+00 -8.21644e+00 1.93020e+01
-6.10134e+00 -8.65253e+00 1.92916e+01
-6.36590e+00 -9.10552e+00 1.93301e+01
-6.64914e+00 -9.57350e+00 1.94212e+01
-6.95058e+00 -1.00539e+01 1.95687e+01
-7.26951e+00 -1.05432e+01 1.97764e+01
-7.60491e+00 -1.10370e+01 2.00480e+01
-7.95540e+00 -1.15299e+01 2.03870e+01
-8.31913e+00 -1.20153e+01 2.07961e+01
-8.69376e+00 -1.24854e+01 2.12775e+01
-9.07638e+00 -1.29313e+01 2.18323e+01
-9.46345e+00 -1.33429e+01 2.24601e+01
-9.85075e+00 -1.37092e+01 2.31588e+01
-1.02334e+01 -1.40185e+01 2.39241e+01
-1.06058e+01 -1.42590e+01 2.47493e+01
-1.09619e+01 -1.44191e+01 2.56251e+01
-1.12950e+01 -1.44880e+01 2.65394e+01
-1.15981e+01 -1.44566e+01 2.74771e+01
-1.18643e+01 -1.43184e+01 2.84212e+01
-1.20867e+01 -1.40697e+01 2.93522e+01
-1.22589e+01 -1.37108e+01 3.02500e+01
-1.23754e+01 -1.32460e+01 3.10937e+01
-1.24318e+01 -1.26837e+01 3.18638e+01
-1.24251e+01 -1.20364e+01 3.25425e+01
-1.23539e+01 -1.13199e+01 3.31149e+01
-1.22187e+01 -1.05526e+01 3.35703e+01
-1.20217e+01 -9.75437e+00 3.39019e+01
-1.17668e+01 -8.94518e+00 3.41075e+01
-1.14594e+01 -8.14431e+00 3.41893e+01
-1.11062e+01 -7.36919e+00 3.41532e+01
-1.07147e+01 -6.63462e+00 3.40081e+01
-1.02929e+01 -5.95240e+00 3.37652e+01
-9.84931e+00 -5.33108e+00 3.34369e+01
-9.39196e+00 -4.77608e+00 3.30364e+01
-8.92863e+00 -4.28994e+00 3.25763e+01
-8.46648e+00 -3.87274e+00 3.20689e+01
-8.01187e+00 -3.52259e+00 3.15252e+01
-7.57031e+00 -3.23609e+00 3.09551e+01
-7.14641e+00 -3.00886e+00 3.03668e+01
-6.74390e+00 -2.83590e+00 2.97677e+01
-6.36564e+00 -2.71196e+00 2.91635e+01
-6.01374e+00 -2.63182e+00 2.85590e+01
-5.68962e+00 -2.59048e+00 2.79580e+01
-5.39410e+00 -2.58331e+00 2.73636e+01
-5.12750e+00 -2.60617e+00 2.67780e+01
-4.88975e+00 -2.65538e+00 2.62032e+01
-4.68045e+00 -2.72782e+00 2.56406e+01
-4.49898e+00 -2.82090e+00 2.50914e+01
-4.34455e+00 -2.93250e+00 2.45565e+01
-4.21626e+00 -3.06098e+00 2.40368e+01
-4.11317e+00 -3.20514e+00 2.35329e+01
-4.03434e+00 -3.36414e+00 2.30456e+01
-3.97883e+00 -3.53750e+00 2.25755e+01
-3.94580e+00 -3.72504e+00 2.21233e+01
-3.93444e+00 -3.92683e+00 2.16898e+01
-3.94406e+00 -4.14318e+00 2.12758e+01
-3.97408e+00 -4.37457e+00 2.08822e+01
-4.02402e+00 -4.62166e+00 2.05102e+01
-4.09351e+00 -4.88520e+00 2.01607e+01
-4.18229e+00 -5.16605e+00 1.98353e+01
-4.29023e+00 -5.46512e+00 1.95355e+01
-4.41727e+00 -5.78335e+00 1.92630e+01
-4.56347e+00 -6.12162e+00 1.90198e+01
-4.72895e+00 -6.48080e+00 1.88081e+01
-4.91391e+00 -6.86158e+00 1.86305e+01
-5.11857e+00 -7.26452e+00 1.84898e+01
-5.34318e+00 -7.68991e+00 1.83892e+01
-5.58799e+00 -8.13769e+00 1.83321e+01
-5.85318e+00 -8.60740e+00 1.83223e+01
-6.13885e+00 -9.09801e+00 1.83639e+01
-6.44497e+00 -9.60784e+00 1.84614e+01
-6.77131e+00 -1.01344e+01 1.86193e+01
-7.11737e+00 -1.06742e+01 1.88424e+01
-7.48234e+00 -1.12227e+01 1.91354e+01
-7.86496e+00 -1.17742e+01 1.95027e+01
-8.26350e+00 -1.23212e+01 1.99485e+01
-8.67562e+00 -1.28552e+01 2.04761e+01
-9.09830e+00 -1.33659e+01 2.10875e+01
-9.52775e+00 -1.38416e+01 2.17835e+01
-9.95939e+00 -1.42691e+01 2.25625e+01
-1.03877e+01 -1.46345e+01 2.34206e+01
-1.08065e+01 -1.49229e+01 2.43509e+01
-1.12085e+01 -1.51199e+01 2.53432e+01
-1.15861e+01 -1.52118e+01 2.63835e+01
-1.19309e+01 -1.51867e+01 2.74546e+01
-1.22344e+01 -1.50358e+01 2.85357e+01
-1.24884e+01 -1.47540e+01 2.96037e+01
-1.26851e+01 -1.43410e+01 3.06335e+01
-1.28175e+01 -1.38016e+01 3.15998e+01
-1.28804e+01 -1.31465e+01 3.24784e+01
-1.28699e+01 -1.23910e+01 3.32476e+01
-1.27844e+01 -1.15552e+01 3.38895e+01
-1.26246e+01 -1.06621e+01 3.43913e+01
-1.23932e+01 -9.73659e+00 3.47460e+01
-1.20952e+01 -8.80346e+00 3.49521e+01
-1.17374e+01 -7.88623e+00 3.50137e+01
-1.13279e+01 -7.00567e+00 3.49395e+01
-1.08762e+01 -6.17897e+00 3.47420e+01
-1.03918e+01 -5.41920e+00 3.44359e+01
-9.88491e+00 -4.73524e+00 3.40372e+01
-9.36502e+00 -4.13196e+00 3.35621e+01
-8.84117e+00 -3.61075e+00 3.30261e+01
-8.32149e+00 -3.17009e+00 3.24437e+01
-7.81308e+00 -2.80625e+00 3.18273e+01
-7.32193e+00 -2.51394e+00 3.11880e+01
-6.85292e+00 -2.28693e+00 3.05348e+01
-6.40982e+00 -2.11852e+00 2.98751e+01
-5.99543e+00 -2.00195e+00 2.92148e+01
-5.61162e+00 -1.93071e+00 2.85584e+01
-5.25950e+00 -1.89873e+00 2.79094e+01
-4.93952e+00 -1.90054e+00 2.72704e+01
-4.65160e+00 -1.93131e+00 2.66433e+01
-4.39523e+00 -1.98687e+00 2.60295e+01
-4.16961e+00 -2.06373e+00 2.54300e+01
-3.97368e+00 -2.15906e+00 2.48455e+01
-3.80627e+00 -2.27059e+00 2.42766e+01
-3.66612e+00 -2.39661e+00 2.37237e+01
-3.55195e+00 -2.53587e+00 2.31872e+01
-3.46250e+00 -2.68759e+00 2.26673e+01
-3.39658e+00 -2.85133e+00 2.21645e+01
-3.35310e+00 -3.02700e+00 2.16790e+01
-3.33105e+00 -3.21479e+00 2.12114e+01
-3.32958e+00 -3.41515e+00 2.07621e+01
-3.34794e+00 -3.62872e+00 2.03317e+01
-3.38556e+00 -3.85633e+00 1.99210e+01
-3.44197e+00 -4.09898e+00 1.95307e+01
-3.51688e+00 -4.35776e+00 1.91619e+01
-3.61012e+00 -4.63389e+00 1.88157e+01
-3.72165e+00 -4.92865e+00 1.84935e+01
-3.85157e+00 -5.24337e+00 1.81968e+01
-4.00010e+00 -5.57939e+00 1.79275e+01
-4.16755e+00 -5.93803e+00 1.76878e+01
-4.35434e+00 -6.32057e+00 1.74800e+01
-4.56097e+00 -6.72813e+00 1.73069e+01
-4.78797e+00 -7.16170e+00 1.71718e+01
-5.03591e+00 -7.62199e+00 1.70782e+01
-5.30537e+00 -8.10934e+00 1.70301e+01
-5.59687e+00 -8.62367e+00 1.70319e+01
-5.91085e+00 -9.16426e+00 1.70887e+01
-6.24762e+00 -9.72965e+00 1.72058e+01
-6.60725e+00 -1.03175e+01 1.73888e+01
-6.98953e+00 -1.09241e+01 1.76438e+01
-7.39390e+00 -1.15448e+01 1.79769e+01
-7.81927e+00 -1.21730e+01 1.83942e+01
-8.26398e+00 -1.28005e+01 1.89014e+01
-8.72564e+00 -1.34171e+01 1.95033e+01
-9.20103e+00 -1.40105e+01 2.02036e+01
-9.68597e+00 -1.45664e+01 2.10042e+01
-1.01752e+01 -1.50687e+01 2.19045e+01
-1.06623e+01 -1.54994e+01 2.29006e+01
-1.11399e+01 -1.58398e+01 2.39851e+01
-1.15993e+01 -1.60709e+01 2.51457e+01
-1.20309e+01 -1.61748e+01 2.63658e+01
-1.24246e+01 -1.61359e+01 2.76235e+01
-1.27697e+01 -1.59425e+01 2.88927e+01
-1.30557e+01 -1.55879e+01 3.01437e+01
-1.32730e+01 -1.50721e+01 3.13444e+01
-1.34130e+01 -1.44023e+01 3.24624e+01
-1.34690e+01 -1.35931e+01 3.34669e+01
-1.34368e+01 -1.26660e+01 3.43311e+01
-1.33148e+01 -1.16482e+01 3.50338e+01
-1.31044e+01 -1.05707e+01 3.55611e+01
-1.28100e+01 -9.46597e+00 3.59070e+01
-1.24384e+01 -8.36586e+00 3.60731e+01
-1.19989e+01 -7.29935e+00 3.60682e+01
-1.15023e+01 -6.29102e+00 3.59067e+01
-1.09607e+01 -5.36004e+00 3.56070e+01
-1.03863e+01 -4.51973e+00 3.51898e+01
-9.79134e+00 -3.77782e+00 3.46762e+01
-9.18728e+00 -3.13693e+00 3.40868e+01
-8.58455e+00 -2.59554e+00 3.34405e+01
-7.99229e+00 -2.14891e+00 3.27541e+01
-7.41819e+00 -1.79004e+00 3.20414e+01
-6.86849e+00 -1.51057e+00 3.13142e+01
-6.34798e+00 -1.30151e+00 3.05815e+01
-5.86015e+00 -1.15381e+00 2.98504e+01
-5.40730e+00 -1.05875e+00 2.91262e+01
-4.99072e+00 -1.00828e+00 2.84126e+01
-4.61083e+00 -9.95130e-01 2.77122e+01
-4.26739e+00 -1.01294e+00 2.70268e+01
-3.95960e+00 -1.05626e+00 2.63575e+01
-3.68627e+00 -1.12051e+00 2.57049e+01
-3.44592e+00 -1.20194e+00 2.50693e+01
-3.23690e+00 -1.29757e+00 2.44507e+01
-3.05747e+00 -1.40510e+00 2.38492e+01
-2.90584e+00 -1.52282e+00 2.32646e+01
-2.78029e+00 -1.64954e+00 2.26969e+01
-2.67915e+00 -1.78454e+00 2.21458e+01
-2.60087e+00 -1.92748e+00 2.16114e+01
-2.54402e+00 -2.07836e+00 2.10935e+01
-2.50734e+00 -2.23746e+00 2.05921e+01
-2.48970e+00 -2.40530e+00 2.01075e+01
-2.49017e+00 -2.58263e+00 1.96396e+01
-2.50796e+00 -2.77036e+00 1.91887e+01
-2.54248e+00 -2.96957e+00 1.87553e+01
-2.59327e+00 -3.18149e+00 1.83396e+01
-2.66006e+00 -3.40745e+00 1.79424e+01
-2.74273e+00 -3.64892e+00 1.75642e+01
-2.84133e+00 -3.90746e+00 1.72061e+01
-2.95604e+00 -4.18472e+00 1.68690e+01
-3.08720e+00 -4.48243e+00 1.65543e+01
-3.23527e+00 -4.80238e+00 1.62634e+01
-3.40084e+00 -5.14641e+00 1.59983e+01
-3.58464e+00 -5.51639e+00 1.57610e+01
-3.78748e+00 -5.91414e+00 1.55541e+01
-4.01029e+00 -6.34146e+00 1.53805e+01
-4.25406e+00 -6.79999e+00 1.52437e+01
-4.51983e+00 -7.29123e+00 1.51475e+01
-4.80870e+00 -7.81633e+00 1.50965e+01
-5.12171e+00 -8.37605e+00 1.50959e+01
-5.45989e+00 -8.97058e+00 1.51514e+01
-5.82412e+00 -9.59933e+00 1.52697e+01
-6.21513e+00 -1.02607e+01 1.54577e+01
-6.63333e+00 -1.09520e+01 1.57234e+01
-7.07879e+00 -1.16686e+01 1.60749e+01
-7.55105e+00 -1.24045e+01 1.65209e+01
-8.04897e+00 -1.31509e+01 1.70699e+01
-8.57062e+00 -1.38968e+01 1.77301e+01
-9.11303e+00 -1.46282e+01 1.85085e+01
-9.67204e+00 -1.53279e+01 1.94105e+01
-1.02421e+01 -1.59759e+01 2.04387e+01
-1.08162e+01 -1.65492e+01 2.15919e+01
-1.13855e+01 -1.70225e+01 2.28642e+01
-1.19399e+01 -1.73693e+01 2.42436e+01
-1.24672e+01 -1.75636e+01 2.57115e+01
-1.29546e+01 -1.75813e+01 2.72419e+01
-1.33878e+01 -1.74029e+01 2.88016e+01
-1.37529e+01 -1.70157e+01 3.03516e+01
-1.40361e+01 -1.64162e+01 3.18482e+01
-1.42252e+01 -1.56113e+01 3.32464e+01
-1.43105e+01 -1.46193e+01 3.45027e+01
-1.42854e+01 -1.34691e+01 3.55789e+01
-1.41470e+01 -1.21984e+01 3.64451e+01
-1.38968e+01 -1.08509e+01 3.70822e+01
-1.35403e+01 -9.47243e+00 3.74828e+01
-1.30869e+01 -8.10764e+00 3.76516e+01
-1.25491e+01 -6.79628e+00 3.76032e+01
-1.19416e+01 -5.57098e+00 3.73605e+01
-1.12804e+01 -4.45583e+00 3.69511e+01
-1.05821e+01 -3.46607e+00 3.64052e+01
-9.86236e+00 -2.60869e+00 3.57528e+01
-9.13598e+00 -1.88365e+00 3.50217e+01
-8.41592e+00 -1.28541e+00 3.42367e+01
-7.71321e+00 -8.04559e-01 3.34184e+01
-7.03683e+00 -4.29254e-01 3.25834e+01
-6.39367e+00 -1.46506e-01 3.17447e+01
-5.78876e+00 5.68701e-02 3.09117e+01
-5.22538e+00 1.93555e-01 3.00913e+01
-4.70536e+00 2.75272e-01 2.92878e+01
-4.22927e+00 3.12526e-01 2.85041e+01
-3.79672e+00 3.14490e-01 2.77415e+01
-3.40653e+00 2.88999e-01 2.70007e+01
-3.05696e+00 2.42608e-01 2.62817e+01
-2.74585e+00 1.80698e-01 2.55840e+01
-2.47082e+00 1.07594e-01 2.49070e+01
-2.22931e+00 2.66966e-02 2.42500e+01
-2.01875e+00 -5.93879e-02 2.36123e+01
-1.83660e+00 -1.48729e-01 2.29929e+01
-1.68038e+00 -2.39965e-01 2.23912e+01
-1.54776e+00 -3.32200e-01 2.18065e+01
-1.43657e+00 -4.24929e-01 2.12383e+01
-1.34480e+00 -5.17958e-01 2.06859e+01
-1.27063e+00 -6.11348e-01 2.01488e+01
-1.21243e+00 -7.05369e-01 1.96266e+01
-1.16877e+00 -8.00452e-01 1.91190e+01
-1.13838e+00 -8.97164e-01 1.86256e+01
-1.12019e+00 -9.96183e-01 1.81460e+01
-1.11330e+00 -1.09828e+00 1.76800e+01
-1.11697e+00 -1.20430e+00 1.72274e+01
-1.13060e+00 -1.31516e+00 1.67881e+01
-1.15376e+00 -1.43186e+00 1.63618e+01
-1.18614e+00 -1.55544e+00 1.59485e+01
-1.22758e+00 -1.68703e+00 1.55481e+01
-1.27804e+00 -1.82783e+00 1.51607e+01
-1.33759e+00 -1.97910e+00 1.47863e+01
-1.40642e+00 -2.14220e+00 1.44251e+01
-1.48486e+00 -2.31860e+00 1.40773e+01
-1.57333e+00 -2.50983e+00 1.37433e+01
-1.67236e+00 -2.71759e+00 1.34235e+01
-1.78261e+00 -2.94365e+00 1.31185e+01
-1.90484e+00 -3.18994e+00 1.28290e+01
-2.03994e+00 -3.45853e+00 1.25561e+01
-2.18892e+00 -3.75162e+00 1.23009e+01
-2.35288e+00 -4.07158e+00 1.20649e+01
-2.53309e+00 -4.42092e+00 1.18497e+01
-2.73093e+00 -4.80227e+00 1.16576e+01
-2.94788e+00 -5.21841e+00 1.14912e+01
-3.18559e+00 -5.67219e+00 1.13536e+01
-3.44580e+00 -6.16651e+00 1.12484e+01
-3.73037e+00 -6.70426e+00 1.11802e+01
-4.04125e+00 -7.28819e+00 1.11542e+01
-4.38044e+00 -7.92083e+00 1.11766e+01
-4.75000e+00 -8.60426e+00 1.12547e+01
-5.15195e+00 -9.33989e+00 1.13968e+01
-5.58821e+00 -1.01282e+01 1.16127e+01
-6.06048e+00 -1.09683e+01 1.19133e+01
-6.57016e+00 -1.18574e+01 1.23111e+01
-7.11812e+00 -1.27905e+01 1.28196e+01
-7.70455e+00 -1.37594e+01 1.34533e+01
-8.32864e+00 -1.47522e+01 1.42273e+01
-8.98832e+00 -1.57522e+01 1.51566e+01
-9.67988e+00 -1.67377e+01 1.62549e+01
-1.03976e+01 -1.76810e+01 1.75331e+01
-1.11334e+01 -1.85485e+01 1.89978e+01
-1.18765e+01 -1.93006e+01 2.06486e+01
-1.26131e+01 -1.98934e+01 2.24761e+01
-1.33265e+01 -2.02807e+01 2.44591e+01
-1.39970e+01 -2.04170e+01 2.65631e+01
-1.46030e+01 -2.02627e+01 2.87393e+01
-1.51212e+01 -1.97884e+01 3.09255e+01
-1.55289e+01 -1.89808e+01 3.30489e+01
-1.58051e+01 -1.78466e+01 3.50317e+01
-1.59323e+01 -1.64145e+01 3.67975e+01
-1.58986e+01 -1.47351e+01 3.82797e+01
-1.56991e+01 -1.28762e+01 3.94280e+01
-1.53361e+01 -1.09167e+01 4.02143e+01
-1.48197e+01 -8.93824e+00 4.06342e+01
-1.41663e+01 -7.01695e+00 4.07059e+01
-1.33977e+01 -5.21675e+00 4.04659e+01
-1.25388e+01 -3.58519e+00 3.99632e+01
-1.16158e+01 -2.15192e+00 3.92522e+01
-1.06544e+01 -9.29793e-01 3.83873e+01
-9.67835e+00 8.25416e-02 3.74185e+01
