-4.39810e+00 -4.66387e+00 2.16971e+01
-4.48876 -5.45041 20.4231


-4.49149e+00 -5.15719e+00 2.09945e+01
-4.72595 -6.08379 19.8385


-4.66361e+00 -5.71768e+00 2.03882e+01
-5.0399 -6.78083 19.3992


-4.91278e+00 -6.34999e+00 1.98913e+01
-5.42018 -7.5322 19.12


-5.23846e+00 -7.05829e+00 1.95203e+01
-5.85591 -8.32595 19.0086


-5.64081e+00 -7.84462e+00 1.92955e+01
-6.33933 -9.15226 19.0671


-6.11994e+00 -8.70688e+00 1.92409e+01
-6.86825 -10.0056 19.2981


-6.67501e+00 -9.63615e+00 1.93844e+01
-7.44493 -10.8809 19.7128


-7.30278e+00 -1.06134e+01 1.97564e+01
-8.07169 -11.7651 20.3329


-7.99596e+00 -1.16061e+01 2.03869e+01
-8.74634 -12.6301 21.1858


-8.74112e+00 -1.25645e+01 2.13005e+01
-9.4586 -13.4277 22.2956


-9.51647e+00 -1.34201e+01 2.25085e+01
-10.1875 -14.0878 23.6721


-1.02901e+01 -1.40873e+01 2.39989e+01
-10.8997 -14.5221 25.2986


-1.10194e+01 -1.44717e+01 2.57247e+01
-11.549 -14.6343 27.1186


-1.16526e+01 -1.44851e+01 2.75964e+01
-12.0783 -14.3381 29.0272


-1.21337e+01 -1.40675e+01 2.94827e+01
-12.4256 -13.5837 30.8722


-1.24103e+01 -1.32101e+01 3.12238e+01
-12.534 -12.387 32.4717


-1.24441e+01 -1.19685e+01 3.26598e+01
-12.3678 -10.8461 33.652


-1.22194e+01 -1.04591e+01 3.36641e+01
-11.9261 -9.13156 34.2978


-1.17488e+01 -8.83568e+00 3.41709e+01
-11.2484 -7.4385 34.3888


-1.10709e+01 -7.25447e+00 3.41839e+01
-10.4012 -5.92582 33.9936


-1.02435e+01 -5.84177e+00 3.37653e+01
-9.45778 -4.68331 33.2262


-9.33239e+00 -4.67606e+00 3.30106e+01
-8.48442 -3.73932 32.2022


-8.40086e+00 -3.78672e+00 3.20232e+01
-7.53658 -3.08271 31.0195


-7.50238e+00 -3.16482e+00 3.08949e+01
-6.65816 -2.6805 29.7535


-6.67667e+00 -2.77836e+00 2.96978e+01
-5.88068 -2.49016 28.4595


-5.94941e+00 -2.58607e+00 2.84829e+01
-5.22346 -2.46823 27.1756


-5.33406e+00 -2.54713e+00 2.72838e+01
-4.69502 -2.57631 25.927


-4.83476e+00 -2.62665e+00 2.61215e+01
-4.29557 -2.78427 24.7307


-4.44931e+00 -2.79784e+00 2.50088e+01
-4.01973 -3.07124 23.5979


-4.17184e+00 -3.04223e+00 2.39541e+01
-3.85929 -3.42506 22.5379


-3.99489e+00 -3.34873e+00 2.29632e+01
-3.80529 -3.84086 21.559


-3.91097e+00 -3.71237e+00 2.20416e+01
-3.84946 -4.31899 20.6711


-3.91348e+00 -4.13297e+00 2.11950e+01
-3.98466 -4.86269 19.8864


-3.99736e+00 -4.61391e+00 2.04304e+01
-4.20444 -5.47526 19.2199


-4.15931e+00 -5.16099e+00 1.97568e+01
-4.50192 -6.15717 18.689


-4.39782e+00 -5.78142e+00 1.91860e+01
-4.86881 -6.90414 18.3098


-4.71302e+00 -6.48262e+00 1.87330e+01
-5.29602 -7.70797 18.0938


-5.10627e+00 -7.27087e+00 1.84172e+01
-5.77635 -8.56057 18.0462


-5.57956e+00 -8.14945e+00 1.82626e+01
-6.30759 -9.45773 18.1711


-6.13466e+00 -9.11614e+00 1.82987e+01
-6.8928 -10.3977 18.4799


-6.77183e+00 -1.01598e+01 1.85598e+01
-7.53696 -11.3741 18.9958


-7.48811e+00 -1.12560e+01 1.90837e+01
-8.24228 -12.3671 19.7521


-8.27502e+00 -1.23626e+01 1.99073e+01
-9.00399 -13.3364 20.785


-9.11592e+00 -1.34146e+01 2.10598e+01
-9.80699 -14.216 22.1229


-9.98317e+00 -1.43231e+01 2.25513e+01
-10.6229 -14.9138 23.7727


-1.08360e+01 -1.49785e+01 2.43592e+01
-11.4082 -15.3166 25.7039


-1.16200e+01 -1.52637e+01 2.64126e+01
-12.1036 -15.3059 27.8319


-1.22708e+01 -1.50778e+01 2.85847e+01
-12.6384 -14.7864 30.0095


-1.27210e+01 -1.43666e+01 3.06987e+01
-12.939 -13.7215 32.0352


-1.29125e+01 -1.31512e+01 3.25534e+01
-12.9451 -12.169 33.6866


-1.28095e+01 -1.15374e+01 3.39658e+01
-12.629 -10.2891 34.7778


-1.24085e+01 -9.69816e+00 3.48156e+01
-12.0094 -8.31008 35.2205


-1.17414e+01 -7.83201e+00 3.50703e+01
-11.1486 -6.45434 35.0466


-1.08686e+01 -6.11514e+00 3.47824e+01
-10.1302 -4.875 34.374


-9.86674e+00 -4.66773e+00 3.40608e+01
-9.03841 -3.64059 33.3475


-8.81408e+00 -3.54414e+00 3.30344e+01
-7.9467 -2.75545 32.0987


-7.77914e+00 -2.74335e+00 3.18228e+01
-6.91413 -2.1854 30.7317


-6.81418e+00 -2.22897e+00 3.05202e+01
-5.98384 -1.87761 29.3214


-5.95368e+00 -1.94898e+00 2.91924e+01
-5.18289 -1.77483 27.9174


-5.21613e+00 -1.85009e+00 2.78810e+01
-4.52392 -1.8248 26.5505


-4.60761e+00 -1.88598e+00 2.66102e+01
-4.0082 -1.98546 25.2388


-4.12560e+00 -2.02060e+00 2.53932e+01
-3.62915 -2.22657 23.9928


-3.76254e+00 -2.22856e+00 2.42367e+01
-3.37587 -2.52929 22.8189


-3.50855e+00 -2.49396e+00 2.31443e+01
-3.23608 -2.88447 21.7219


-3.35339e+00 -2.80868e+00 2.21188e+01
-3.1982 -3.29049 20.7068


-3.28783e+00 -3.17068e+00 2.11627e+01
-3.2526 -3.75097 19.7799


-3.30438e+00 -3.58254e+00 2.02798e+01
-3.39188 -4.27244 18.9507


-3.39770e+00 -4.05026e+00 1.94751e+01
-3.61025 -4.86183 18.2316


-3.56477e+00 -4.58228e+00 1.87557e+01
-3.90243 -5.52383 17.6379


-3.80480e+00 -5.18866e+00 1.81317e+01
-4.26246 -6.25881 17.1855


-4.11905e+00 -5.88025e+00 1.76165e+01
-4.68369 -7.06296 16.8869


-4.51052e+00 -6.66759e+00 1.72283e+01
-5.16099 -7.93166 16.7498


-4.98343e+00 -7.55939e+00 1.69908e+01
-5.69368 -8.86369 16.7802


-5.54246e+00 -8.56034e+00 1.69341e+01
-6.28658 -9.86154 16.9905


-6.19168e+00 -9.66770e+00 1.70960e+01
-6.94757 -10.9256 17.4063


-6.93288e+00 -1.08667e+01 1.75207e+01
-7.68326 -12.0453 18.0665


-7.76322e+00 -1.21244e+01 1.82572e+01
-8.4946 -13.1895 19.0192


-8.67221e+00 -1.33830e+01 1.93530e+01
-9.37295 -14.2994 20.3117


-9.63791e+00 -1.45534e+01 2.08436e+01
-10.2961 -15.2821 21.9775


-1.06231e+01 -1.55141e+01 2.27357e+01
-11.2246 -16.011 24.0168


-1.15729e+01 -1.61185e+01 2.49859e+01
-12.099 -16.3357 26.3737


-1.24148e+01 -1.62181e+01 2.74815e+01
-12.8407 -16.1086 28.9156


-1.30656e+01 -1.57005e+01 3.00335e+01
-13.3592 -15.2295 31.427


-1.34435e+01 -1.45347e+01 3.23958e+01
-13.5675 -13.698 33.6346


-1.34865e+01 -1.28025e+01 3.43143e+01
-13.406 -11.6491 35.2699


-1.31689e+01 -1.06944e+01 3.55924e+01
-12.8655 -9.33755 36.1554


-1.25112e+01 -8.46315e+00 3.61434e+01
-11.9963 -7.0595 36.2643


-1.15765e+01 -6.35446e+00 3.60029e+01
-10.8903 -5.05361 35.708


-1.04553e+01 -4.54854e+00 3.52983e+01
-9.653 -3.45029 34.6657


-9.24601e+00 -3.13519e+00 3.41970e+01
-8.38203 -2.28075 33.3175


-8.03770e+00 -2.12309e+00 3.28588e+01
-7.15805 -1.51068 31.8094


-6.89927e+00 -1.46734e+00 3.14098e+01
-6.04028 -1.0721 30.2454


-5.87633e+00 -1.09877e+00 2.99356e+01
-5.06601 -0.887206 28.6912


-4.99321e+00 -9.45503e-01 2.84873e+01
-4.25286 -0.883692 27.1842


-4.25754e+00 -9.44988e-01 2.70917e+01
-3.60283 -1.00273 25.7434


-3.66551e+00 -1.04865e+00 2.57607e+01
-3.10712 -1.2014 24.3769


-3.20655e+00 -1.22214e+00 2.44981e+01
-2.75075 -1.45196 23.0876


-2.86695e+00 -1.44340e+00 2.33040e+01
-2.51645 -1.73931 21.8759


-2.63248e+00 -1.70025e+00 2.21774e+01
-2.38758 -2.05819 20.7415


-2.48998e+00 -1.98795e+00 2.11172e+01
-2.34995 -2.41044 19.6848


-2.42838e+00 -2.30726e+00 2.01229e+01
-2.39268 -2.80263 18.7075


-2.43913e+00 -2.66295e+00 1.91953e+01
-2.50826 -3.24425 17.8142


-2.51641e+00 -3.06279e+00 1.83361e+01
-2.69198 -3.74589 17.0123


-2.65708e+00 -3.51686e+00 1.75492e+01
-2.94086 -4.31737 16.3128


-2.86055e+00 -4.03711e+00 1.68404e+01
-3.25232 -4.9657 15.7294


-3.12870e+00 -4.63699e+00 1.62183e+01
-3.62332 -5.69376 15.2757


-3.46557e+00 -5.33107e+00 1.56957e+01
-4.05071 -6.50139 14.9623


-3.87720e+00 -6.13441e+00 1.52900e+01
-4.53371 -7.3893 14.7958


-4.37121e+00 -7.06139e+00 1.50254e+01
-5.07645 -8.36309 14.7841


-4.95624e+00 -8.12373e+00 1.49343e+01
-5.68842 -9.43285 14.9444


-5.64099e+00 -9.32719e+00 1.50588e+01
-6.38197 -10.6071 15.3092


-6.43267e+00 -1.06664e+01 1.54521e+01
-7.16839 -11.8837 15.9283


-7.33460e+00 -1.21171e+01 1.61777e+01
-8.05403 -13.2392 16.8656


-8.34258e+00 -1.36267e+01 1.73048e+01
-9.03593 -14.6187 18.1909


-9.44009e+00 -1.51026e+01 1.88983e+01
-10.097 -15.9242 19.9676


-1.05924e+01 -1.64041e+01 2.09985e+01
-11.2001 -17.008 22.2298


-1.17409e+01 -1.73439e+01 2.35917e+01
-12.282 -17.6763 24.9507


-1.28011e+01 -1.77097e+01 2.65753e+01
-13.2518 -17.7146 28.006


-1.36663e+01 -1.73132e+01 2.97338e+01
-13.9946 -16.944 31.1501


-1.42231e+01 -1.60617e+01 3.27490e+01
-14.3902 -15.3019 34.0315


-1.43758e+01 -1.40211e+01 3.52613e+01
-14.3426 -12.911 36.2695


-1.40746e+01 -1.14298e+01 3.69718e+01
-13.816 -10.0835 37.5807


-1.33339e+01 -8.63795e+00 3.77361e+01
-12.8545 -7.22441 37.8846


-1.22309e+01 -5.99796e+00 3.75965e+01
-11.567 -4.68377 37.31


-1.08845e+01 -3.76596e+00 3.67370e+01
-10.0906 -2.66329 36.1016


-9.42619e+00 -2.05995e+00 3.53987e+01
-8.55816 -1.21384 34.5152


-7.97271e+00 -8.77251e-01 3.38036e+01
-7.07865 -0.283145 32.7559


-6.61161e+00 -1.41161e-01 3.21167e+01
-5.72968 0.231765 30.9621


-5.39745e+00 2.52987e-01 3.04399e+01
-4.55708 0.445107 29.2124


-4.35585e+00 4.07033e-01 2.88264e+01
-3.57926 0.459116 27.5441


-3.49084e+00 4.05183e-01 2.72976e+01
-2.79396 0.35411 25.9703


-2.79248e+00 3.10139e-01 2.58577e+01
-2.18539 0.18705 24.4916


-2.24316e+00 1.64892e-01 2.45029e+01
-1.73036 -0.005625 23.1036


-1.82221e+00 -3.39807e-03 2.32270e+01
-1.4033 -0.203582 21.8007


-1.50895e+00 -1.79303e-01 2.20236e+01
-1.17979 -0.398037 20.5766


-1.28446e+00 -3.55623e-01 2.08870e+01
-1.0387 -0.587859 19.4256


-1.13250e+00 -5.30677e-01 1.98125e+01
-0.963086 -0.776626 18.3425


-1.03982e+00 -7.06372e-01 1.87966e+01
-0.940306 -0.970673 17.3234


-9.96173e-01 -8.86910e-01 1.78361e+01
-0.961677 -1.17796 16.365


-9.94055e-01 -1.07800e+00 1.69287e+01
-1.02185 -1.40747 15.4656


-1.02847e+00 -1.28643e+00 1.60727e+01
-1.11829 -1.66898 14.6251


-1.09666e+00 -1.51995e+00 1.52669e+01
-1.25068 -1.97289 13.8452


-1.19785e+00 -1.78728e+00 1.45109e+01
-1.42035 -2.32984 13.1303


-1.33308e+00 -2.09829e+00 1.38050e+01
-1.62945 -2.75 12.4869


-1.50514e+00 -2.46431e+00 1.31510e+01
-1.88016 -3.24186 11.9243


-1.71853e+00 -2.89839e+00 1.25521e+01
-2.17382 -3.81103 11.4522


-1.97947e+00 -3.41571e+00 1.20137e+01
-2.51103 -4.46051 11.0778


-2.29603e+00 -4.03381e+00 1.15446e+01
-2.8933 -5.19377 10.8045


-2.67825e+00 -4.77276e+00 1.11580e+01
-3.32579 -6.01978 10.633


-3.13821e+00 -5.65500e+00 1.08735e+01
-3.81922 -6.95632 10.5689


-3.69001e+00 -6.70454e+00 1.07192e+01
-4.38943 -8.02848 10.6298


-4.34957e+00 -7.94497e+00 1.07354e+01
-5.05548 -9.26337 10.8517


-5.13389e+00 -9.39562e+00 1.09781e+01
-5.83732 -10.683 11.291


-6.05944e+00 -1.10645e+01 1.15227e+01
-6.75335 -12.2954 12.0261


-7.13922e+00 -1.29363e+01 1.24671e+01
-7.81721 -14.082 13.1583


-8.37759e+00 -1.49550e+01 1.39289e+01
-9.03259 -15.98 14.8066


-9.76229e+00 -1.69998e+01 1.60334e+01
-10.3851 -17.8589 17.0936


-1.12534e+01 -1.88614e+01 1.88820e+01
-11.8312 -19.4974 20.1115


-1.27710e+01 -2.02316e+01 2.24957e+01
-13.2849 -20.5764 23.8621


-1.41865e+01 -2.07343e+01 2.67379e+01
-14.6093 -20.7161 28.177


-1.53270e+01 -2.00223e+01 3.12504e+01
-15.6219 -19.5837 32.6542


-1.60032e+01 -1.79357e+01 3.54654e+01
-16.1254 -17.067 36.6821


-1.60604e+01 -1.46450e+01 3.87491e+01
-15.9679 -13.4209 39.6111


-1.54359e+01 -1.06570e+01 4.06380e+01
-15.1079 -9.24492 41.0233


-1.41887e+01 -6.63671e+00 4.10248e+01
-13.6398 -5.24515 40.9141


-1.24820e+01 -3.14861e+00 4.01567e+01
-11.7571 -1.94555 39.6303


-1.05278e+01 -4.91201e-01 3.84682e+01
-9.68378 0.439747 37.6491


-8.52800e+00 1.30547e+00 3.63867e+01
-7.61845 1.95498 35.3863


-6.63545e+00 2.37958e+00 3.42205e+01
-5.70448 2.78131 33.1151


-4.94349e+00 2.92832e+00 3.21426e+01
-4.02543 3.13306 30.9742


-3.49306e+00 3.13791e+00 3.02243e+01
-2.61393 3.19938 29.0105


-2.28746e+00 3.15504e+00 2.84784e+01
-1.46618 3.12402 27.2236


-1.30686e+00 3.08351e+00 2.68913e+01
-0.555561 3.00604 25.5953


-5.19711e-01 2.99153e+00 2.54416e+01
0.156497 2.90842 24.1052


1.09640e-01 2.92135e+00 2.41092e+01
0.712902 2.86794 22.7369


6.16282e-01 2.89785e+00 2.28782e+01
1.15562 2.90409 21.4785


1.03236e+00 2.93510e+00 2.17372e+01
1.52249 3.02617 20.3225


1.38611e+00 3.04107e+00 2.06789e+01
1.84578 3.23858 19.2648


1.70179e+00 3.22084e+00 1.96993e+01
2.15198 3.54412 18.3054


2.00009e+00 3.47877e+00 1.87970e+01
2.46224 3.9454 17.4484


2.29877e+00 3.81981e+00 1.79735e+01
2.79286 4.44447 16.7024


2.61340e+00 4.25031e+00 1.72329e+01
3.15548 5.04139 16.0795


2.95803e+00 4.77833e+00 1.65826e+01
3.55727 5.73281 15.5927


3.34579e+00 5.41358e+00 1.60340e+01
4.0022 6.5126 15.2522


3.78930e+00 6.16695e+00 1.56033e+01
4.49382 7.37608 15.0632


4.30092e+00 7.04941e+00 1.53132e+01
5.03862 8.32468 15.0313


4.89258e+00 8.07002e+00 1.51943e+01
5.64715 9.36618 15.17


5.57531e+00 9.23277e+00 1.52869e+01
6.33228 10.5086 15.5088


6.35800e+00 1.05315e+01 1.56414e+01
7.10574 11.7505 16.094


7.24531e+00 1.19430e+01 1.63184e+01
7.97436 13.0711 16.9861


8.23452e+00 1.34171e+01 1.73844e+01
8.9362 14.4189 18.2527


9.31096e+00 1.48666e+01 1.89022e+01
9.97578 15.7023 19.9556


1.04426e+01 1.61585e+01 2.09125e+01
11.0585 16.7818 22.1299


1.15749e+01 1.71150e+01 2.34065e+01
12.1255 17.4732 24.755


1.26279e+01 1.75319e+01 2.62927e+01
13.0903 17.5698 27.7192


1.35000e+01 1.72236e+01 2.93727e+01
13.8435 16.8937 30.7951


1.40813e+01 1.60893e+01 3.23474e+01
14.2678 15.371 33.6509


1.42766e+01 1.41755e+01 3.48700e+01
14.2669 13.1012 35.9168


1.40323e+01 1.16950e+01 3.66415e+01
13.7992 10.3693 37.3034


1.33549e+01 8.97705e+00 3.75024e+01
12.8993 7.56297 37.7092


1.23129e+01 6.36613e+00 3.74715e+01
11.6679 5.03222 37.2378


1.10180e+01 4.12425e+00 3.67119e+01
10.2369 2.99001 36.1174


9.59740e+00 2.38348e+00 3.54520e+01
8.73657 1.50169 34.5968


8.16738e+00 1.15594e+00 3.39114e+01
7.27595 0.527496 32.8816


6.81733e+00 3.75989e-01 3.22581e+01
5.93456 -0.026899 31.1142


5.60488e+00 -5.48039e-02 3.05997e+01
4.76112 -0.27111 29.3785


4.55892e+00 -2.35906e-01 2.89947e+01
3.77718 -0.305873 27.7164


3.68635e+00 -2.51487e-01 2.74685e+01
2.98332 -0.211875 26.144


2.97946e+00 -1.65306e-01 2.60280e+01
2.36603 -0.0472988 24.6643


2.42225e+00 -2.17097e-02 2.46710e+01
1.90381 0.150013 23.274


1.99511e+00 1.50899e-01 2.33923e+01
1.57218 0.358513 21.9682


1.67805e+00 3.36148e-01 2.21860e+01
1.34741 0.568581 20.7415


1.45256e+00 5.26232e-01 2.10467e+01
1.20871 0.778684 19.5883


1.30267e+00 7.19207e-01 1.99703e+01
1.1394 0.992422 18.5045


1.21533e+00 9.17013e-01 1.89530e+01
1.12701 1.2165 17.4859


1.18047e+00 1.12416e+00 1.79924e+01
1.1631 1.45953 16.5305


